0.00000008742278
-0.00099984
-0.0019997663
-0.0029996906
-0.003999612
-0.0049995296
-0.0059994417
-0.0069993483
-0.007999248
-0.008999139
-0.009999021
-0.0109988935
-0.011998755
-0.012998604
-0.0139984405
-0.014998263
-0.015998071
-0.016997863
-0.017997636
-0.018997392
-0.01999713
-0.020996848
-0.021996545
-0.022996219
-0.023995869
-0.024995496
-0.0259951
-0.026994675
-0.027994225
-0.028993746
-0.02999324
-0.030992702
-0.031992134
-0.032991532
-0.0339909
-0.034990232
-0.03598953
-0.03698879
-0.037988015
-0.0389872
-0.03998635
-0.040985458
-0.041984525
-0.04298355
-0.043982532
-0.04498147
-0.04598036
-0.046979208
-0.047978006
-0.04897676
-0.049975462
-0.050974116
-0.051972717
-0.052971266
-0.053969763
-0.054968208
-0.055966597
-0.056964926
-0.057963204
-0.05896142
-0.05995958
-0.060957678
-0.061955713
-0.06295369
-0.063951604
-0.06494945
-0.065947235
-0.06694495
-0.067942604
-0.068940185
-0.0699377
-0.070935145
-0.07193252
-0.072929814
-0.073927045
-0.0749242
-0.07592128
-0.07691828
-0.07791521
-0.07891206
-0.079908825
-0.08090552
-0.081902124
-0.082898654
-0.083895095
-0.08489146
-0.08588773
-0.086883925
-0.08788002
-0.08887604
-0.089871965
-0.0908678
-0.09186355
-0.0928592
-0.09385476
-0.09485023
-0.0958456
-0.09684087
-0.097836055
-0.09883113
-0.09982612
-0.100821
-0.10181578
-0.102810465
-0.10380504
-0.10479952
-0.105793886
-0.10678814
-0.107782304
-0.10877635
-0.10977029
-0.110764116
-0.11175784
-0.11275145
-0.113744944
-0.11473832
-0.11573159
-0.11672474
-0.11771777
-0.11871069
-0.11970349
-0.120696165
-0.12168872
-0.122681156
-0.12367347
-0.124665655
-0.12565772
-0.12664966
-0.12764147
-0.12863316
-0.12962471
-0.13061614
-0.13160743
-0.1325986
-0.13358963
-0.13458052
-0.13557129
-0.13656192
-0.13755241
-0.13854277
-0.13953298
-0.14052306
-0.14151299
-0.14250278
-0.14349243
-0.14448194
-0.1454713
-0.14646052
-0.1474496
-0.14843853
-0.1494273
-0.15041593
-0.1514044
-0.15239273
-0.1533809
-0.1543689
-0.15535678
-0.15634449
-0.15733203
-0.15831943
-0.15930668
-0.16029374
-0.16128066
-0.16226742
-0.16325402
-0.16424045
-0.16522671
-0.16621281
-0.16719875
-0.16818452
-0.16917013
-0.17015556
-0.1711408
-0.1721259
-0.17311081
-0.17409556
-0.17508014
-0.17606452
-0.17704874
-0.17803279
-0.17901665
-0.18000033
-0.18098384
-0.18196717
-0.1829503
-0.18393327
-0.18491605
-0.18589863
-0.18688104
-0.18786326
-0.18884529
-0.18982713
-0.19080877
-0.19179024
-0.19277151
-0.19375259
-0.19473347
-0.19571416
-0.19669464
-0.19767494
-0.19865504
-0.19963494
-0.20061463
-0.20159413
-0.20257343
-0.20355253
-0.20453142
-0.20551011
-0.20648858
-0.20746686
-0.20844492
-0.20942278
-0.21040043
-0.21137787
-0.2123551
-0.21333212
-0.21430892
-0.21528551
-0.21626188
-0.21723804
-0.21821398
-0.2191897
-0.2201652
-0.22114049
-0.22211555
-0.22309038
-0.22406499
-0.2250394
-0.22601356
-0.2269875
-0.22796121
-0.22893469
-0.22990794
-0.23088098
-0.23185377
-0.23282634
-0.23379867
-0.23477076
-0.23574263
-0.23671426
-0.23768565
-0.2386568
-0.23962772
-0.24059838
-0.24156882
-0.24253902
-0.24350896
-0.24447867
-0.24544813
-0.24641734
-0.24738632
-0.24835505
-0.24932352
-0.25029173
-0.2512597
-0.25222743
-0.2531949
-0.25416213
-0.2551291
-0.2560958
-0.25706226
-0.25802845
-0.2589944
-0.2599601
-0.2609255
-0.26189065
-0.26285553
-0.26382017
-0.26478454
-0.26574865
-0.2667125
-0.26767606
-0.2686394
-0.26960242
-0.27056518
-0.27152768
-0.2724899
-0.27345183
-0.27441353
-0.27537492
-0.27633607
-0.2772969
-0.2782575
-0.27921778
-0.2801778
-0.28113756
-0.282097
-0.28305617
-0.28401506
-0.28497368
-0.285932
-0.28689003
-0.2878478
-0.28880525
-0.28976244
-0.2907193
-0.2916759
-0.2926322
-0.29358822
-0.29454392
-0.29549935
-0.2964545
-0.2974093
-0.29836383
-0.29931808
-0.30027202
-0.30122563
-0.30217898
-0.303132
-0.30408472
-0.30503717
-0.30598927
-0.3069411
-0.3078926
-0.3088438
-0.3097947
-0.31074527
-0.31169552
-0.3126455
-0.31359515
-0.31454447
-0.31549346
-0.3164422
-0.31739056
-0.31833863
-0.31928638
-0.32023382
-0.3211809
-0.3221277
-0.32307416
-0.32402033
-0.32496613
-0.32591164
-0.3268568
-0.32780164
-0.32874617
-0.32969034
-0.3306342
-0.33157772
-0.33252093
-0.3334638
-0.33440632
-0.3353485
-0.33629036
-0.33723187
-0.33817306
-0.33911392
-0.34005442
-0.3409946
-0.3419344
-0.3428739
-0.34381303
-0.34475183
-0.34569028
-0.3466284
-0.34756616
-0.34850356
-0.34944063
-0.35037735
-0.3513137
-0.35224974
-0.3531854
-0.3541207
-0.35505566
-0.35599026
-0.3569245
-0.3578584
-0.35879192
-0.3597251
-0.3606579
-0.36159036
-0.36252242
-0.36345416
-0.36438552
-0.3653165
-0.36624715
-0.36717743
-0.36810732
-0.36903685
-0.36996603
-0.37089482
-0.37182322
-0.3727513
-0.37367895
-0.37460625
-0.3755332
-0.37645975
-0.3773859
-0.37831172
-0.37923715
-0.38016218
-0.38108686
-0.38201115
-0.38293505
-0.38385856
-0.3847817
-0.38570443
-0.38662678
-0.38754877
-0.38847035
-0.38939157
-0.39031237
-0.3912328
-0.39215282
-0.39307246
-0.3939917
-0.39491054
-0.395829
-0.39674705
-0.39766473
-0.39858198
-0.39949885
-0.40041533
-0.4013314
-0.40224707
-0.40316233
-0.40407717
-0.40499163
-0.4059057
-0.40681934
-0.40773258
-0.40864542
-0.40955782
-0.41046983
-0.41138145
-0.41229263
-0.41320342
-0.4141138
-0.41502374
-0.41593328
-0.4168424
-0.4177511
-0.4186594
-0.41956726
-0.4204747
-0.42138174
-0.42228833
-0.42319453
-0.42410028
-0.4250056
-0.42591053
-0.42681503
-0.4277191
-0.42862272
-0.4295259
-0.43042868
-0.43133104
-0.43223295
-0.43313444
-0.43403548
-0.43493608
-0.43583626
-0.43673602
-0.4376353
-0.43853417
-0.43943262
-0.4403306
-0.44122815
-0.44212526
-0.44302192
-0.44391814
-0.44481394
-0.44570926
-0.44660416
-0.4474986
-0.4483926
-0.44928613
-0.45017925
-0.4510719
-0.45196408
-0.45285583
-0.45374712
-0.45463797
-0.45552835
-0.45641828
-0.45730776
-0.45819676
-0.45908532
-0.45997342
-0.46086106
-0.46174824
-0.46263495
-0.4635212
-0.464407
-0.46529233
-0.4661772
-0.46706158
-0.46794552
-0.46882898
-0.46971196
-0.47059447
-0.47147653
-0.4723581
-0.4732392
-0.47411984
-0.475
-0.4758797
-0.4767589
-0.47763762
-0.4785159
-0.47939366
-0.48027095
-0.48114777
-0.4820241
-0.48289996
-0.48377532
-0.48465022
-0.48552462
-0.48639855
-0.48727196
-0.4881449
-0.48901737
-0.48988932
-0.4907608
-0.4916318
-0.49250227
-0.4933723
-0.4942418
-0.4951108
-0.49597934
-0.49684736
-0.49771488
-0.49858192
-0.49944845
-0.5003145
-0.50118
-0.50204504
-0.50290954
-0.50377357
-0.5046371
-0.50550014
-0.5063626
-0.5072246
-0.50808614
-0.50894713
-0.5098076
-0.51066756
-0.51152706
-0.51238596
-0.51324445
-0.51410234
-0.51495975
-0.5158166
-0.516673
-0.5175289
-0.5183842
-0.51923907
-0.5200934
-0.52094716
-0.5218004
-0.52265316
-0.5235054
-0.5243571
-0.52520823
-0.5260589
-0.52690905
-0.52775866
-0.5286077
-0.52945626
-0.53030425
-0.5311517
-0.5319987
-0.5328451
-0.533691
-0.53453636
-0.53538114
-0.53622544
-0.5370692
-0.53791237
-0.53875506
-0.5395972
-0.5404388
-0.54127985
-0.54212034
-0.5429603
-0.54379976
-0.54463863
-0.545477
-0.5463148
-0.547152
-0.5479887
-0.54882485
-0.54966044
-0.5504955
-0.55133003
-0.55216396
-0.55299735
-0.5538302
-0.55466247
-0.55549425
-0.55632544
-0.557156
-0.5579861
-0.5588156
-0.5596446
-0.56047297
-0.5613008
-0.56212807
-0.5629548
-0.5637809
-0.5646065
-0.56543154
-0.566256
-0.56707984
-0.56790316
-0.56872594
-0.56954813
-0.5703697
-0.5711908
-0.57201123
-0.57283115
-0.5736505
-0.5744692
-0.5752874
-0.576105
-0.57692206
-0.57773846
-0.5785544
-0.57936966
-0.5801844
-0.58099854
-0.5818121
-0.58262503
-0.58343744
-0.58424926
-0.5850605
-0.5858711
-0.5866811
-0.5874906
-0.5882995
-0.5891078
-0.5899155
-0.5907226
-0.59152913
-0.59233505
-0.59314036
-0.59394515
-0.5947493
-0.59555286
-0.5963558
-0.59715813
-0.59795994
-0.5987611
-0.5995617
-0.60036165
-0.601161
-0.60195976
-0.60275793
-0.6035555
-0.6043525
-0.60514885
-0.6059446
-0.6067397
-0.6075343
-0.6083282
-0.6091215
-0.60991424
-0.6107063
-0.6114978
-0.6122887
-0.613079
-0.61386865
-0.6146577
-0.61544615
-0.61623394
-0.61702114
-0.61780775
-0.6185937
-0.61937904
-0.62016374
-0.62094784
-0.62173134
-0.6225142
-0.62329644
-0.62407804
-0.62485904
-0.62563944
-0.6264192
-0.6271983
-0.6279768
-0.6287546
-0.62953186
-0.63030845
-0.63108444
-0.6318598
-0.6326345
-0.63340855
-0.63418204
-0.6349548
-0.635727
-0.6364986
-0.63726944
-0.6380397
-0.6388093
-0.63957834
-0.6403467
-0.6411144
-0.64188147
-0.64264786
-0.64341366
-0.6441788
-0.6449433
-0.6457072
-0.64647037
-0.64723295
-0.6479949
-0.6487561
-0.6495167
-0.6502767
-0.651036
-0.6517947
-0.6525527
-0.65331006
-0.65406674
-0.6548228
-0.6555782
-0.65633297
-0.657087
-0.6578405
-0.65859324
-0.6593454
-0.6600968
-0.6608476
-0.6615978
-0.66234726
-0.6630961
-0.66384417
-0.66459167
-0.6653385
-0.66608465
-0.6668301
-0.66757494
-0.6683191
-0.6690626
-0.6698054
-0.67054754
-0.671289
-0.67202985
-0.67276996
-0.6735095
-0.6742482
-0.67498636
-0.6757238
-0.67646056
-0.6771966
-0.6779321
-0.6786668
-0.67940086
-0.68013424
-0.6808669
-0.6815989
-0.68233025
-0.6830609
-0.68379086
-0.6845201
-0.68524873
-0.6859767
-0.6867039
-0.68743044
-0.6881563
-0.68888146
-0.68960595
-0.69032973
-0.6910528
-0.6917752
-0.69249696
-0.69321793
-0.6939383
-0.6946579
-0.6953769
-0.6960951
-0.6968126
-0.6975295
-0.69824564
-0.69896114
-0.69967586
-0.7003899
-0.70110327
-0.70181596
-0.70252794
-0.70323914
-0.7039497
-0.7046596
-0.7053687
-0.70607716
-0.70678484
-0.7074919
-0.7081982
-0.7089038
-0.70960873
-0.7103129
-0.7110164
-0.71171916
-0.71242124
-0.71312255
-0.7138232
-0.71452314
-0.7152223
-0.7159208
-0.7166186
-0.7173156
-0.718012
-0.7187076
-0.7194025
-0.7200967
-0.72079015
-0.7214829
-0.7221749
-0.7228662
-0.72355676
-0.7242466
-0.72493577
-0.72562414
-0.72631186
-0.7269988
-0.72768503
-0.72837055
-0.7290553
-0.7297393
-0.7304226
-0.7311052
-0.7317871
-0.7324682
-0.7331486
-0.73382825
-0.73450714
-0.7351853
-0.7358628
-0.7365395
-0.73721546
-0.7378907
-0.7385652
-0.739239
-0.739912
-0.7405843
-0.7412558
-0.7419266
-0.7425967
-0.743266
-0.7439346
-0.74460244
-0.74526954
-0.74593586
-0.74660146
-0.7472663
-0.7479304
-0.74859375
-0.7492564
-0.7499182
-0.75057936
-0.75123966
-0.7518993
-0.7525582
-0.75321627
-0.7538736
-0.7545302
-0.755186
-0.75584114
-0.7564955
-0.75714904
-0.75780183
-0.7584539
-0.7591052
-0.75975573
-0.76040554
-0.7610545
-0.7617028
-0.7623503
-0.76299703
-0.763643
-0.76428825
-0.7649327
-0.76557636
-0.76621926
-0.76686144
-0.7675028
-0.7681434
-0.7687833
-0.76942235
-0.77006066
-0.7706982
-0.77133495
-0.7719709
-0.7726062
-0.7732406
-0.7738743
-0.7745072
-0.77513933
-0.7757707
-0.7764013
-0.77703106
-0.77766013
-0.77828836
-0.7789158
-0.7795425
-0.7801685
-0.7807936
-0.7814179
-0.7820415
-0.7826643
-0.78328633
-0.78390753
-0.78452796
-0.7851476
-0.7857665
-0.7863846
-0.7870019
-0.7876184
-0.7882341
-0.78884906
-0.7894632
-0.79007655
-0.7906891
-0.7913009
-0.7919119
-0.7925221
-0.7931315
-0.7937401
-0.79434794
-0.79495496
-0.7955612
-0.7961666
-0.7967712
-0.7973751
-0.7979781
-0.79858035
-0.7991818
-0.79978245
-0.8003823
-0.80098134
-0.8015796
-0.802177
-0.80277365
-0.8033695
-0.80396456
-0.80455875
-0.80515224
-0.8057448
-0.80633664
-0.8069277
-0.8075179
-0.80810726
-0.80869585
-0.8092836
-0.8098706
-0.81045675
-0.81104213
-0.8116267
-0.8122104
-0.8127933
-0.8133754
-0.8139567
-0.81453717
-0.8151168
-0.8156957
-0.8162737
-0.8168509
-0.81742734
-0.8180029
-0.81857765
-0.81915164
-0.81972474
-0.82029706
-0.82086855
-0.8214392
-0.822009
-0.8225781
-0.8231463
-0.82371366
-0.8242802
-0.8248459
-0.82541084
-0.8259749
-0.82653815
-0.8271006
-0.82766217
-0.82822293
-0.8287829
-0.829342
-0.8299003
-0.83045775
-0.8310144
-0.83157015
-0.8321251
-0.8326793
-0.8332326
-0.83378506
-0.83433664
-0.83488744
-0.8354374
-0.83598655
-0.83653486
-0.8370823
-0.8376289
-0.8381747
-0.83871967
-0.83926374
-0.83980703
-0.84034944
-0.840891
-0.8414318
-0.8419717
-0.84251076
-0.84304893
-0.8435863
-0.8441229
-0.84465855
-0.8451934
-0.8457274
-0.84626055
-0.8467929
-0.8473243
-0.8478549
-0.8483847
-0.8489136
-0.8494417
-0.8499689
-0.8504953
-0.8510208
-0.85154545
-0.85206926
-0.85259223
-0.85311437
-0.8536356
-0.854156
-0.8546756
-0.8551943
-0.8557121
-0.8562291
-0.85674524
-0.8572605
-0.8577749
-0.85828847
-0.8588012
-0.859313
-0.859824
-0.86033416
-0.8608434
-0.8613518
-0.8618593
-0.862366
-0.8628718
-0.8633768
-0.8638809
-0.8643841
-0.86488646
-0.865388
-0.8658886
-0.8663884
-0.8668873
-0.8673853
-0.8678825
-0.86837876
-0.8688742
-0.8693688
-0.86986244
-0.8703553
-0.8708472
-0.8713383
-0.87182856
-0.87231785
-0.8728064
-0.87329394
-0.87378067
-0.8742665
-0.8747515
-0.87523556
-0.87571883
-0.87620115
-0.87668264
-0.87716323
-0.8776429
-0.8781218
-0.87859976
-0.87907684
-0.879553
-0.88002837
-0.8805028
-0.8809764
-0.88144904
-0.8819209
-0.8823918
-0.88286185
-0.883331
-0.88379925
-0.8842667
-0.88473314
-0.8851988
-0.8856635
-0.88612735
-0.88659036
-0.8870524
-0.8875136
-0.8879739
-0.88843334
-0.8888919
-0.8893495
-0.8898063
-0.8902621
-0.8907171
-0.89117116
-0.89162433
-0.8920766
-0.89252806
-0.89297855
-0.8934282
-0.8938769
-0.8943247
-0.8947717
-0.8952177
-0.89566284
-0.89610714
-0.8965505
-0.8969929
-0.89743453
-0.8978752
-0.89831495
-0.8987538
-0.8991918
-0.8996289
-0.900065
-0.9005003
-0.9009347
-0.90136814
-0.90180075
-0.9022324
-0.9026632
-0.90309304
-0.903522
-0.90395004
-0.9043772
-0.90480345
-0.9052288
-0.90565324
-0.9060768
-0.9064994
-0.90692115
-0.90734196
-0.9077619
-0.90818083
-0.90859896
-0.90901613
-0.9094325
-0.90984786
-0.9102624
-0.910676
-0.91108865
-0.91150045
-0.9119113
-0.91232127
-0.9127303
-0.9131384
-0.9135456
-0.91395193
-0.9143573
-0.9147618
-0.91516536
-0.915568
-0.9159697
-0.9163705
-0.9167704
-0.9171694
-0.91756743
-0.9179646
-0.91836077
-0.9187561
-0.9191505
-0.9195439
-0.9199365
-0.92032814
-0.92071885
-0.9211086
-0.92149746
-0.92188543
-0.92227244
-0.9226585
-0.9230437
-0.92342794
-0.92381126
-0.9241937
-0.92457515
-0.9249557
-0.92533535
-0.9257141
-0.92609185
-0.9264687
-0.9268446
-0.9272196
-0.9275937
-0.92796683
-0.92833906
-0.92871034
-0.92908067
-0.9294501
-0.92981863
-0.9301862
-0.93055284
-0.9309185
-0.9312833
-0.9316472
-0.93201005
-0.9323721
-0.9327331
-0.93309325
-0.9334524
-0.93381065
-0.934168
-0.93452436
-0.93487984
-0.9352343
-0.9355879
-0.93594056
-0.93629223
-0.936643
-0.9369929
-0.93734175
-0.9376897
-0.93803674
-0.9383828
-0.938728
-0.9390722
-0.93941545
-0.93975776
-0.9400992
-0.9404396
-0.9407791
-0.94111764
-0.9414553
-0.94179195
-0.9421277
-0.9424625
-0.94279635
-0.9431293
-0.94346124
-0.9437923
-0.9441224
-0.9444515
-0.9447797
-0.9451069
-0.94543326
-0.9457586
-0.946083
-0.9464065
-0.946729
-0.9470506
-0.9473712
-0.9476909
-0.9480096
-0.9483274
-0.9486442
-0.9489601
-0.9492751
-0.949589
-0.94990206
-0.95021415
-0.9505253
-0.95083547
-0.9511447
-0.95145303
-0.95176035
-0.9520667
-0.95237213
-0.95267665
-0.95298016
-0.9532827
-0.9535843
-0.953885
-0.9541847
-0.95448345
-0.9547813
-0.9550781
-0.955374
-0.9556689
-0.9559629
-0.9562559
-0.956548
-0.95683914
-0.95712924
-0.95741844
-0.9577067
-0.957994
-0.9582803
-0.95856565
-0.9588501
-0.9591335
-0.95941603
-0.95969754
-0.9599781
-0.9602577
-0.96053636
-0.96081406
-0.9610908
-0.96136653
-0.9616414
-0.9619152
-0.96218807
-0.96246
-0.96273094
-0.96300095
-0.96326995
-0.96353805
-0.96380514
-0.9640713
-0.96433645
-0.9646006
-0.9648639
-0.96512616
-0.96538746
-0.9656478
-0.9659072
-0.96616566
-0.9664231
-0.9666796
-0.9669351
-0.96718967
-0.9674432
-0.96769583
-0.9679475
-0.9681982
-0.96844786
-0.96869665
-0.96894443
-0.9691912
-0.96943706
-0.9696819
-0.9699258
-0.9701687
-0.9704107
-0.9706517
-0.9708917
-0.9711307
-0.9713688
-0.9716059
-0.97184205
-0.9720772
-0.9723114
-0.9725446
-0.97277683
-0.9730081
-0.9732384
-0.9734677
-0.97369605
-0.97392344
-0.9741498
-0.9743753
-0.9745997
-0.97482324
-0.9750457
-0.97526723
-0.97548777
-0.97570735
-0.975926
-0.9761436
-0.97636026
-0.9765759
-0.9767906
-0.97700435
-0.9772171
-0.97742885
-0.9776396
-0.9778494
-0.9780583
-0.9782661
-0.97847295
-0.9786789
-0.9788838
-0.9790877
-0.97929066
-0.97949266
-0.97969365
-0.9798937
-0.9800927
-0.9802908
-0.9804879
-0.980684
-0.98087907
-0.9810732
-0.9812664
-0.98145854
-0.98164976
-0.98183995
-0.9820292
-0.98221743
-0.9824047
-0.982591
-0.9827763
-0.9829606
-0.9831439
-0.98332626
-0.98350763
-0.983688
-0.9838674
-0.98404586
-0.98422325
-0.98439974
-0.98457515
-0.9847497
-0.9849231
-0.9850957
-0.98526716
-0.9854377
-0.98560727
-0.9857758
-0.98594344
-0.98611003
-0.9862756
-0.98644024
-0.98660386
-0.9867665
-0.98692816
-0.98708886
-0.98724854
-0.98740727
-0.987565
-0.9877217
-0.9878774
-0.98803216
-0.98818594
-0.9883387
-0.98849046
-0.98864126
-0.9887911
-0.9889399
-0.98908776
-0.98923457
-0.9893804
-0.9895253
-0.98966914
-0.989812
-0.98995394
-0.99009484
-0.99023473
-0.9903737
-0.9905116
-0.99064857
-0.99078447
-0.9909195
-0.9910534
-0.9911864
-0.9913184
-0.99144936
-0.99157935
-0.9917084
-0.9918364
-0.99196345
-0.99208945
-0.9922145
-0.99233854
-0.9924616
-0.9925837
-0.99270475
-0.99282485
-0.99294394
-0.993062
-0.99317914
-0.9932952
-0.99341035
-0.99352443
-0.99363756
-0.99374974
-0.99386084
-0.993971
-0.9940801
-0.9941883
-0.9942955
-0.99440163
-0.99450684
-0.99461097
-0.9947142
-0.99481636
-0.9949176
-0.99501777
-0.99511695
-0.9952152
-0.9953124
-0.9954086
-0.99550384
-0.9955981
-0.9956913
-0.9957835
-0.99587476
-0.995965
-0.9960543
-0.9961425
-0.99622977
-0.996316
-0.9964013
-0.9964856
-0.99656886
-0.9966511
-0.9967324
-0.99681264
-0.996892
-0.99697024
-0.99704754
-0.99712384
-0.9971991
-0.9972734
-0.9973467
-0.997419
-0.9974903
-0.9975606
-0.99762994
-0.99769825
-0.99776554
-0.9978319
-0.9978972
-0.9979615
-0.9980248
-0.99808717
-0.9981485
-0.9982088
-0.9982681
-0.9983265
-0.9983838
-0.99844015
-0.99849546
-0.9985498
-0.99860317
-0.9986555
-0.9987068
-0.9987572
-0.99880654
-0.9988549
-0.9989022
-0.9989486
-0.99899393
-0.9990383
-0.9990816
-0.99912393
-0.9991653
-0.99920565
-0.999245
-0.9992834
-0.99932075
-0.99935704
-0.99939245
-0.9994268
-0.99946016
-0.9994925
-0.9995239
-0.9995542
-0.99958354
-0.9996119
-0.9996393
-0.9996656
-0.999691
-0.9997154
-0.9997387
-0.9997611
-0.99978244
-0.99980277
-0.99982214
-0.9998405
-0.9998579
-0.99987423
-0.9998896
-0.999904
-0.9999173
-0.99992967
-0.99994105
-0.9999514
-0.9999608
-0.9999691
-0.99997646
-0.99998283
-0.9999882
-0.99999255
-0.9999959
-0.9999983
-0.99999964
-1.0
-0.99999934
-0.99999774
-0.99999505
-0.9999914
-0.99998677
-0.99998116
-0.9999745
-0.99996686
-0.9999582
-0.99994856
-0.99993795
-0.99992627
-0.99991363
-0.9999
-0.9998854
-0.9998697
-0.9998531
-0.99983543
-0.9998168
-0.99979717
-0.99977654
-0.99975485
-0.99973226
-0.9997086
-0.999684
-0.9996583
-0.99963164
-0.99960405
-0.9995754
-0.99954575
-0.9995151
-0.99948347
-0.99945086
-0.9994172
-0.99938256
-0.9993469
-0.9993103
-0.99927264
-0.999234
-0.9991944
-0.99915373
-0.9991121
-0.9990695
-0.9990259
-0.99898124
-0.9989356
-0.99888897
-0.99884135
-0.9987927
-0.9987431
-0.99869245
-0.99864084
-0.9985882
-0.9985346
-0.99847996
-0.99842435
-0.9983677
-0.99831015
-0.9982515
-0.9981919
-0.9981313
-0.9980697
-0.99800706
-0.99794346
-0.99787885
-0.9978133
-0.9977467
-0.9976791
-0.9976105
-0.9975409
-0.9974703
-0.99739873
-0.99732614
-0.9972526
-0.99717796
-0.9971024
-0.99702585
-0.99694824
-0.9968697
-0.9967901
-0.9967096
-0.996628
-0.99654543
-0.9964619
-0.99637735
-0.9962918
-0.9962053
-0.9961177
-0.9960292
-0.9959397
-0.99584913
-0.99575764
-0.99566513
-0.9955716
-0.9954771
-0.9953816
-0.9952851
-0.9951876
-0.9950891
-0.99498963
-0.99488914
-0.99478763
-0.9946852
-0.9945817
-0.9944773
-0.99437183
-0.9942654
-0.9941579
-0.9940495
-0.99394006
-0.9938296
-0.9937182
-0.9936058
-0.99349236
-0.993378
-0.9932626
-0.9931462
-0.9930288
-0.99291044
-0.99279106
-0.9926707
-0.99254936
-0.992427
-0.99230367
-0.99217933
-0.99205405
-0.99192774
-0.9918004
-0.9916721
-0.9915428
-0.9914125
-0.9912813
-0.991149
-0.99101573
-0.9908815
-0.99074626
-0.99061
-0.9904728
-0.9903346
-0.9901954
-0.9900552
-0.989914
-0.98977184
-0.9896287
-0.98948455
-0.9893394
-0.98919326
-0.98904616
-0.98889804
-0.98874897
-0.9885989
-0.9884478
-0.98829573
-0.98814267
-0.98798865
-0.9878336
-0.9876776
-0.9875206
-0.9873626
-0.9872036
-0.9870437
-0.9868827
-0.98672074
-0.98655784
-0.9863939
-0.986229
-0.9860631
-0.9858963
-0.9857284
-0.9855596
-0.9853897
-0.98521894
-0.9850471
-0.9848743
-0.98470056
-0.9845258
-0.9843501
-0.98417336
-0.9839956
-0.9838169
-0.9836373
-0.9834566
-0.98327494
-0.9830923
-0.9829087
-0.98272413
-0.9825385
-0.98235196
-0.98216444
-0.9819759
-0.98178643
-0.98159593
-0.9814045
-0.981212
-0.9810186
-0.9808242
-0.9806288
-0.9804324
-0.98023504
-0.9800367
-0.97983736
-0.9796371
-0.9794358
-0.97923356
-0.9790303
-0.9788261
-0.97862095
-0.9784148
-0.9782076
-0.97799945
-0.97779036
-0.97758025
-0.9773692
-0.9771572
-0.97694415
-0.97673017
-0.9765152
-0.9762992
-0.9760823
-0.9758644
-0.97564554
-0.9754257
-0.9752049
-0.9749831
-0.9747603
-0.97453654
-0.9743118
-0.9740861
-0.9738594
-0.9736318
-0.97340316
-0.97317356
-0.972943
-0.97271144
-0.9724789
-0.97224545
-0.97201097
-0.9717756
-0.97153914
-0.9713018
-0.97106344
-0.9708241
-0.97058386
-0.9703426
-0.97010034
-0.96985716
-0.96961296
-0.9693678
-0.9691217
-0.96887463
-0.9686266
-0.9683776
-0.9681276
-0.9678766
-0.9676247
-0.9673718
-0.96711797
-0.96686316
-0.96660733
-0.9663506
-0.9660929
-0.9658342
-0.9655745
-0.9653139
-0.9650523
-0.96478975
-0.96452624
-0.9642618
-0.96399635
-0.9637299
-0.96346253
-0.9631942
-0.9629249
-0.96265465
-0.9623834
-0.96211123
-0.96183807
-0.96156394
-0.96128887
-0.96101284
-0.96073586
-0.9604579
-0.960179
-0.9598991
-0.9596183
-0.95933646
-0.9590537
-0.95877
-0.9584853
-0.9581997
-0.9579131
-0.9576255
-0.957337
-0.9570476
-0.9567571
-0.9564658
-0.9561734
-0.9558801
-0.9555859
-0.9552907
-0.9549945
-0.9546974
-0.95439935
-0.9541003
-0.9538003
-0.9534994
-0.9531975
-0.9528947
-0.9525909
-0.9522861
-0.9519804
-0.9516738
-0.9513662
-0.9510576
-0.95074815
-0.95043766
-0.9501263
-0.9498139
-0.9495006
-0.9491863
-0.94887114
-0.948555
-0.9482379
-0.94791985
-0.94760084
-0.9472809
-0.94696003
-0.94663817
-0.9463154
-0.94599164
-0.94566697
-0.94534135
-0.9450148
-0.94468725
-0.9443588
-0.9440294
-0.94369906
-0.9433678
-0.94303554
-0.94270235
-0.9423682
-0.9420332
-0.9416971
-0.9413602
-0.94102234
-0.9406835
-0.9403437
-0.940003
-0.9396613
-0.9393188
-0.9389752
-0.93863076
-0.93828535
-0.937939
-0.93759173
-0.93724346
-0.9368943
-0.93654424
-0.93619317
-0.9358412
-0.93548834
-0.9351345
-0.9347797
-0.934424
-0.9340673
-0.93370974
-0.9333512
-0.9329918
-0.93263143
-0.9322701
-0.93190783
-0.93154466
-0.9311806
-0.9308155
-0.93044955
-0.9300827
-0.9297148
-0.9293461
-0.92897636
-0.92860574
-0.9282342
-0.9278617
-0.9274883
-0.92711395
-0.92673874
-0.9263625
-0.9259854
-0.9256074
-0.9252284
-0.9248485
-0.9244677
-0.924086
-0.9237033
-0.9233197
-0.9229352
-0.9225498
-0.9221634
-0.9217761
-0.9213879
-0.9209988
-0.92060876
-0.9202178
-0.9198259
-0.9194331
-0.91903937
-0.9186447
-0.9182492
-0.9178527
-0.9174553
-0.917057
-0.91665775
-0.9162576
-0.91585654
-0.91545457
-0.91505164
-0.9146478
-0.9142431
-0.9138375
-0.9134309
-0.9130234
-0.91261506
-0.91220576
-0.91179556
-0.91138446
-0.9109724
-0.9105595
-0.9101456
-0.90973085
-0.90931517
-0.9088986
-0.9084811
-0.9080627
-0.9076434
-0.90722317
-0.90680206
-0.90638
-0.9059571
-0.90553325
-0.9051085
-0.9046828
-0.9042563
-0.9038288
-0.9034005
-0.9029712
-0.90254104
-0.9021099
-0.90167797
-0.90124506
-0.9008113
-0.9003766
-0.899941
-0.89950454
-0.89906716
-0.8986289
-0.8981897
-0.89774966
-0.89730865
-0.8968668
-0.896424
-0.89598036
-0.89553577
-0.89509034
-0.89464396
-0.89419675
-0.8937486
-0.8932996
-0.8928496
-0.8923988
-0.8919471
-0.89149445
-0.891041
-0.8905866
-0.8901313
-0.88967514
-0.8892181
-0.88876015
-0.8883013
-0.8878416
-0.88738096
-0.88691944
-0.8864571
-0.8859938
-0.88552964
-0.8850646
-0.8845987
-0.88413185
-0.88366413
-0.8831955
-0.8827261
-0.88225573
-0.8817845
-0.8813124
-0.88083935
-0.8803655
-0.87989074
-0.8794151
-0.87893856
-0.8784612
-0.8779829
-0.87750375
-0.87702376
-0.8765428
-0.876061
-0.8755784
-0.87509483
-0.8746104
-0.8741251
-0.873639
-0.87315196
-0.87266403
-0.8721753
-0.8716856
-0.8711951
-0.8707037
-0.8702114
-0.86971825
-0.86922425
-0.8687294
-0.8682337
-0.86773705
-0.86723953
-0.86674124
-0.866242
-0.8657419
-0.865241
-0.8647392
-0.8642365
-0.86373293
-0.86322856
-0.8627233
-0.8622171
-0.86171013
-0.8612023
-0.8606936
-0.860184
-0.85967356
-0.8591623
-0.8586501
-0.8581371
-0.8576232
-0.8571085
-0.8565929
-0.8560764
-0.8555592
-0.85504097
-0.854522
-0.8540021
-0.8534814
-0.8529598
-0.8524374
-0.8519141
-0.85139
-0.850865
-0.8503392
-0.84981245
-0.84928495
-0.84875655
-0.8482273
-0.84769726
-0.8471663
-0.8466345
-0.84610194
-0.8455684
-0.8450341
-0.844499
-0.84396297
-0.8434261
-0.8428884
-0.8423499
-0.8418105
-0.8412703
-0.8407293
-0.84018743
-0.83964473
-0.8391012
-0.83855677
-0.83801156
-0.83746547
-0.8369186
-0.8363708
-0.8358223
-0.83527285
-0.83472264
-0.83417153
-0.8336196
-0.8330669
-0.8325133
-0.8319589
-0.8314036
-0.83084756
-0.8302907
-0.8297329
-0.82917434
-0.82861495
-0.8280547
-0.82749367
-0.8269318
-0.82636905
-0.82580554
-0.82524115
-0.824676
-0.82411
-0.82354313
-0.8229755
-0.822407
-0.8218377
-0.8212676
-0.82069665
-0.82012486
-0.8195523
-0.81897885
-0.8184047
-0.8178296
-0.81725377
-0.81667703
-0.8160996
-0.81552124
-0.8149421
-0.81436217
-0.81378144
-0.8131999
-0.8126175
-0.81203425
-0.81145024
-0.81086546
-0.81027985
-0.8096934
-0.8091061
-0.80851805
-0.8079292
-0.80733955
-0.80674905
-0.80615777
-0.80556566
-0.80497277
-0.80437905
-0.80378455
-0.8031892
-0.8025931
-0.8019962
-0.80139846
-0.80079997
-0.80020064
-0.7996005
-0.79899955
-0.79839784
-0.7977953
-0.797192
-0.7965879
-0.79598296
-0.79537725
-0.7947708
-0.79416347
-0.7935554
-0.79294646
-0.7923368
-0.79172635
-0.79111505
-0.790503
-0.78989017
-0.78927654
-0.7886621
-0.7880469
-0.7874309
-0.7868141
-0.78619653
-0.7855782
-0.784959
-0.7843391
-0.78371835
-0.78309685
-0.7824746
-0.78185153
-0.78122765
-0.78060305
-0.7799776
-0.7793515
-0.7787245
-0.77809674
-0.7774682
-0.7768389
-0.7762088
-0.77557796
-0.77494633
-0.7743139
-0.77368075
-0.7730468
-0.77241206
-0.77177656
-0.7711403
-0.7705032
-0.76986545
-0.76922685
-0.7685875
-0.7679474
-0.7673065
-0.76666486
-0.76602244
-0.76537925
-0.7647353
-0.76409054
-0.7634451
-0.76279885
-0.76215184
-0.76150405
-0.7608555
-0.7602062
-0.7595562
-0.75890535
-0.75825375
-0.75760144
-0.75694835
-0.75629455
-0.7556399
-0.75498456
-0.7543284
-0.7536716
-0.75301397
-0.7523556
-0.75169647
-0.7510366
-0.750376
-0.7497146
-0.74905246
-0.7483896
-0.74772596
-0.7470616
-0.7463965
-0.7457306
-0.74506396
-0.7443966
-0.7437285
-0.7430597
-0.7423901
-0.7417198
-0.7410487
-0.7403769
-0.7397043
-0.739031
-0.738357
-0.7376822
-0.7370067
-0.73633045
-0.7356535
-0.73497576
-0.73429734
-0.73361814
-0.73293823
-0.73225754
-0.7315762
-0.7308941
-0.7302112
-0.72952765
-0.72884333
-0.7281583
-0.72747254
-0.726786
-0.72609884
-0.7254109
-0.7247222
-0.7240328
-0.7233427
-0.72265184
-0.7219603
-0.721268
-0.720575
-0.7198813
-0.71918684
-0.7184917
-0.7177958
-0.7170992
-0.7164018
-0.7157038
-0.71500504
-0.7143056
-0.7136054
-0.7129045
-0.7122029
-0.7115006
-0.71079755
-0.7100938
-0.7093893
-0.7086842
-0.7079783
-0.70727175
-0.7065644
-0.70585644
-0.70514774
-0.7044383
-0.70372826
-0.7030174
-0.7023059
-0.7015937
-0.70088077
-0.7001672
-0.6994529
-0.6987378
-0.6980221
-0.6973057
-0.6965886
-0.69587076
-0.6951523
-0.6944331
-0.6937132
-0.69299257
-0.6922713
-0.6915493
-0.69082665
-0.6901033
-0.6893793
-0.68865454
-0.6879291
-0.687203
-0.6864762
-0.6857487
-0.6850205
-0.68429166
-0.68356216
-0.6828319
-0.682101
-0.6813694
-0.6806371
-0.67990416
-0.67917055
-0.6784362
-0.67770123
-0.6769656
-0.67622924
-0.6754922
-0.67475456
-0.6740162
-0.67327714
-0.6725374
-0.67179704
-0.671056
-0.6703142
-0.6695718
-0.6688287
-0.668085
-0.6673406
-0.6665955
-0.66584975
-0.6651034
-0.6643563
-0.66360855
-0.66286016
-0.6621111
-0.66136134
-0.660611
-0.6598599
-0.6591082
-0.65835583
-0.65760285
-0.65684915
-0.6560948
-0.6553398
-0.65458417
-0.65382785
-0.65307087
-0.6523133
-0.651555
-0.65079606
-0.6500365
-0.6492763
-0.6485154
-0.6477539
-0.6469917
-0.6462289
-0.6454655
-0.64470136
-0.64393663
-0.64317125
-0.6424052
-0.6416385
-0.6408712
-0.6401033
-0.6393347
-0.6385654
-0.63779557
-0.637025
-0.6362539
-0.6354821
-0.63470966
-0.6339366
-0.6331629
-0.6323886
-0.6316136
-0.63083804
-0.6300618
-0.629285
-0.6285075
-0.62772936
-0.6269506
-0.6261713
-0.6253913
-0.62461066
-0.6238294
-0.6230476
-0.6222651
-0.621482
-0.6206983
-0.61991394
-0.61912894
-0.61834335
-0.61755717
-0.6167703
-0.6159829
-0.6151948
-0.61440617
-0.6136169
-0.61282694
-0.61203647
-0.61124533
-0.6104536
-0.6096612
-0.6088683
-0.6080747
-0.60728055
-0.6064858
-0.60569036
-0.6048944
-0.6040978
-0.6033006
-0.60250276
-0.60170436
-0.60090536
-0.60010576
-0.59930557
-0.5985047
-0.59770334
-0.5969013
-0.5960987
-0.5952955
-0.5944917
-0.59368736
-0.59288234
-0.5920768
-0.5912706
-0.5904639
-0.58965653
-0.5888486
-0.58804005
-0.5872309
-0.5864212
-0.5856109
-0.58480006
-0.5839886
-0.58317655
-0.5823639
-0.5815507
-0.58073694
-0.57992256
-0.5791076
-0.5782921
-0.57747597
-0.57665926
-0.575842
-0.5750242
-0.57420576
-0.5733868
-0.5725672
-0.57174706
-0.57092637
-0.5701051
-0.56928325
-0.5684608
-0.56763786
-0.5668143
-0.5659902
-0.5651655
-0.56434023
-0.5635145
-0.56268805
-0.5618611
-0.5610336
-0.5602056
-0.55937696
-0.55854774
-0.55771804
-0.55688775
-0.55605686
-0.55522543
-0.5543935
-0.553561
-0.5527279
-0.55189425
-0.5510601
-0.5502254
-0.5493901
-0.54855424
-0.54771787
-0.54688096
-0.54604346
-0.5452054
-0.5443669
-0.5435278
-0.54268813
-0.54184794
-0.54100716
-0.5401659
-0.5393241
-0.5384817
-0.53763884
-0.5367954
-0.53595144
-0.53510696
-0.5342619
-0.53341633
-0.5325702
-0.53172356
-0.5308764
-0.5300287
-0.52918047
-0.5283317
-0.5274824
-0.5266326
-0.5257822
-0.5249314
-0.52408
-0.52322805
-0.5223756
-0.52152264
-0.52066916
-0.51981515
-0.5189606
-0.51810557
-0.51725
-0.5163939
-0.5155373
-0.5146802
-0.5138226
-0.5129644
-0.51210576
-0.5112466
-0.51038694
-0.5095267
-0.50866604
-0.5078049
-0.5069431
-0.5060809
-0.5052182
-0.50435495
-0.5034912
-0.50262696
-0.5017622
-0.500897
-0.50003123
-0.499165
-0.49829826
-0.497431
-0.49656326
-0.49569502
-0.4948263
-0.49395707
-0.49308735
-0.49221712
-0.49134642
-0.49047524
-0.48960352
-0.48873135
-0.48785868
-0.48698553
-0.48611188
-0.48523778
-0.48436314
-0.48348805
-0.48261246
-0.4817364
-0.48085988
-0.47998282
-0.47910532
-0.47822735
-0.47734886
-0.47646993
-0.47559053
-0.4747106
-0.47383025
-0.47294942
-0.4720681
-0.4711863
-0.47030407
-0.46942133
-0.46853814
-0.46765447
-0.46677032
-0.46588573
-0.46500066
-0.46411514
-0.46322915
-0.46234268
-0.46145576
-0.46056837
-0.45968053
-0.45879224
-0.45790347
-0.45701426
-0.45612457
-0.45523444
-0.45434386
-0.45345283
-0.45256132
-0.45166937
-0.45077696
-0.44988412
-0.44899082
-0.44809708
-0.44720286
-0.44630823
-0.44541314
-0.4445176
-0.44362164
-0.4427252
-0.44182834
-0.44093102
-0.4400333
-0.43913507
-0.43823645
-0.4373374
-0.43643788
-0.43553793
-0.43463758
-0.43373674
-0.43283552
-0.43193382
-0.43103173
-0.43012917
-0.42922622
-0.42832282
-0.42741898
-0.42651471
-0.42561004
-0.42470494
-0.4237994
-0.42289343
-0.42198706
-0.42108026
-0.42017305
-0.41926542
-0.41835734
-0.41744888
-0.41653997
-0.41563064
-0.41472092
-0.4138108
-0.4129002
-0.41198924
-0.41107786
-0.41016608
-0.40925387
-0.40834126
-0.40742823
-0.4065148
-0.40560097
-0.40468672
-0.4037721
-0.40285704
-0.40194157
-0.40102574
-0.40010947
-0.3991928
-0.39827576
-0.3973583
-0.39644045
-0.3955222
-0.39460358
-0.39368454
-0.3927651
-0.3918453
-0.39092505
-0.39000446
-0.38908347
-0.38816208
-0.3872403
-0.38631815
-0.3853956
-0.38447267
-0.38354936
-0.38262564
-0.38170156
-0.3807771
-0.37985227
-0.37892702
-0.37800142
-0.37707543
-0.3761491
-0.37522236
-0.37429523
-0.37336776
-0.3724399
-0.37151167
-0.37058306
-0.3696541
-0.36872476
-0.36779505
-0.36686495
-0.36593452
-0.3650037
-0.36407253
-0.363141
-0.36220908
-0.3612768
-0.3603442
-0.3594112
-0.35847786
-0.35754415
-0.3566101
-0.35567567
-0.3547409
-0.35380575
-0.3528703
-0.35193443
-0.35099825
-0.3500617
-0.34912482
-0.3481876
-0.34725
-0.34631208
-0.34537378
-0.34443516
-0.3434962
-0.3425569
-0.34161723
-0.34067723
-0.33973688
-0.3387962
-0.3378552
-0.33691382
-0.33597216
-0.3350301
-0.33408776
-0.33314505
-0.33220202
-0.33125865
-0.33031496
-0.32937095
-0.3284266
-0.32748193
-0.3265369
-0.32559156
-0.3246459
-0.32369992
-0.3227536
-0.321807
-0.32086003
-0.31991276
-0.31896517
-0.31801724
-0.31706902
-0.31612048
-0.3151716
-0.31422243
-0.31327292
-0.31232312
-0.311373
-0.31042257
-0.30947182
-0.30852076
-0.3075694
-0.30661774
-0.3056658
-0.3047135
-0.30376092
-0.30280802
-0.30185485
-0.30090135
-0.29994756
-0.29899347
-0.29803908
-0.29708436
-0.29612938
-0.2951741
-0.2942185
-0.29326266
-0.29230648
-0.29135004
-0.29039326
-0.28943625
-0.2884789
-0.2875213
-0.2865634
-0.2856052
-0.28464672
-0.28368795
-0.2827289
-0.28176957
-0.28080997
-0.27985007
-0.2788899
-0.27792946
-0.27696872
-0.2760077
-0.27504644
-0.2740849
-0.27312306
-0.27216095
-0.27119857
-0.27023593
-0.269273
-0.26830983
-0.26734638
-0.26638266
-0.26541868
-0.26445442
-0.2634899
-0.2625251
-0.26156005
-0.26059476
-0.2596292
-0.25866336
-0.25769728
-0.25673094
-0.25576434
-0.2547975
-0.25383037
-0.25286302
-0.2518954
-0.25092754
-0.24995941
-0.24899104
-0.24802244
-0.24705355
-0.24608442
-0.24511506
-0.24414544
-0.24317557
-0.24220546
-0.24123512
-0.24026452
-0.2392937
-0.23832263
-0.23735133
-0.23637977
-0.235408
-0.23443598
-0.23346373
-0.23249124
-0.23151852
-0.23054558
-0.2295724
-0.228599
-0.22762536
-0.22665149
-0.2256774
-0.22470309
-0.22372854
-0.22275378
-0.2217788
-0.22080357
-0.21982814
-0.2188525
-0.21787663
-0.21690054
-0.21592423
-0.21494772
-0.21397099
-0.21299404
-0.21201688
-0.2110395
-0.21006191
-0.20908412
-0.20810612
-0.2071279
-0.20614949
-0.20517085
-0.20419203
-0.20321299
-0.20223376
-0.20125432
-0.20027468
-0.19929484
-0.19831479
-0.19733456
-0.19635412
-0.19537348
-0.19439265
-0.19341163
-0.19243042
-0.191449
-0.1904674
-0.18948561
-0.18850364
-0.18752147
-0.18653911
-0.18555656
-0.18457384
-0.18359093
-0.18260783
-0.18162455
-0.18064108
-0.17965744
-0.17867362
-0.17768963
-0.17670545
-0.1757211
-0.17473657
-0.17375186
-0.17276698
-0.17178194
-0.1707967
-0.16981132
-0.16882576
-0.16784002
-0.16685413
-0.16586806
-0.16488183
-0.16389543
-0.16290887
-0.16192214
-0.16093525
-0.1599482
-0.158961
-0.15797363
-0.1569861
-0.15599842
-0.1550106
-0.1540226
-0.15303445
-0.15204616
-0.1510577
-0.1500691
-0.14908035
-0.14809145
-0.1471024
-0.1461132
-0.14512385
-0.14413437
-0.14314474
-0.14215496
-0.14116505
-0.14017498
-0.13918479
-0.13819444
-0.13720398
-0.13621336
-0.13522261
-0.13423173
-0.1332407
-0.13224955
-0.13125826
-0.13026686
-0.1292753
-0.12828363
-0.12729183
-0.1262999
-0.12530784
-0.12431566
-0.12332335
-0.12233092
-0.12133837
-0.1203457
-0.1193529
-0.11835999
-0.117366955
-0.11637381
-0.11538054
-0.11438716
-0.113393664
-0.112400055
-0.111406334
-0.1104125
-0.10941856
-0.10842451
-0.10743035
-0.10643608
-0.105441704
-0.10444722
-0.10345264
-0.102457955
-0.10146316
-0.10046827
-0.099473275
-0.09847818
-0.097482994
-0.09648771
-0.095492326
-0.094496846
-0.09350127
-0.092505604
-0.09150984
-0.09051399
-0.08951805
-0.08852202
-0.0875259
-0.08652969
-0.085533395
-0.084537014
-0.08354055
-0.082544
-0.08154737
-0.080550656
-0.079553865
-0.07855699
-0.077560045
-0.076563016
-0.07556591
-0.074568726
-0.07357147
-0.072574146
-0.071576744
-0.07057927
-0.069581725
-0.068584114
-0.06758644
-0.066588685
-0.065590866
-0.06459299
-0.06359504
-0.06259703
-0.061598964
-0.060600836
-0.059602644
-0.058604393
-0.057606086
-0.05660772
-0.055609297
-0.05461082
-0.053612284
-0.052613698
-0.05161506
-0.05061637
-0.049617626
-0.048618834
-0.047619995
-0.046621107
-0.045622174
-0.044623192
-0.04362417
-0.0426251
-0.04162599
-0.04062684
-0.039627645
-0.038628414
-0.037629142
-0.036629833
-0.035630487
-0.034631107
-0.03363169
-0.032632243
-0.03163276
-0.030633245
-0.029633699
-0.028634122
-0.027634518
-0.026634887
-0.025635228
-0.024635544
-0.023635834
-0.022636103
-0.021636348
-0.02063657
-0.019636773
-0.018636957
-0.01763712
-0.016637268
-0.015637398
-0.014637512
-0.013637612
-0.012637698
-0.0116377715
-0.010637834
-0.009637885
-0.008637927
-0.0076379594
-0.0066379844
-0.0056380033
-0.004638016
-0.003638025
-0.0026380296
-0.0016380319
-0.0006380325
0.00036196748
0.0013619671
0.0023619656
0.0033619616
0.004361954
0.0053619426
0.0063619255
0.007361902
0.00836187
0.0093618315
0.010361783
0.011361725
0.012361654
0.013361571
0.014361476
0.015361365
0.016361238
0.017361097
0.018360937
0.01936076
0.020360563
0.021360345
0.022360105
0.023359844
0.02435956
0.02535925
0.026358917
0.027358556
0.028358169
0.029357752
0.030357307
0.03135683
0.03235632
0.03335578
0.034355205
0.035354596
0.03635395
0.03735327
0.03835255
0.039351795
0.040350996
0.04135016
0.042349283
0.043348365
0.044347398
0.04534639
0.04634534
0.047344238
0.048343092
0.0493419
0.050340652
0.051339358
0.05233801
0.053336613
0.054335162
0.055333655
0.056332093
0.057330474
0.0583288
0.059327066
0.060325272
0.06132342
0.062321506
0.063319534
0.064317495
0.065315396
0.06631323
0.067311
0.068308696
0.06930633
0.070303895
0.071301386
0.0722988
0.07329615
0.07429343
0.07529063
0.076287754
0.077284805
0.078281775
0.07927867
0.08027548
0.08127222
0.08226887
0.083265446
0.08426193
0.085258335
0.08625466
0.08725089
0.08824703
0.089243084
0.090239055
0.09123493
0.092230715
0.09322641
0.09422201
0.09521752
0.09621292
0.09720824
0.09820346
0.09919858
0.1001936
0.10118852
0.102183335
0.103178054
0.10417266
0.10516717
0.10616158
0.107155874
0.108150065
0.10914415
0.11013812
0.11113198
0.11212574
0.11311938
0.114112906
0.115106314
0.11609961
0.117092796
0.11808586
0.11907881
0.120071635
0.12106434
0.122056924
0.123049386
0.12404173
0.12503394
0.12602603
0.12701799
0.12800984
0.12900154
0.12999313
0.13098457
0.1319759
0.13296708
0.13395815
0.13494907
0.13593985
0.13693051
0.13792102
0.1389114
0.13990164
0.14089173
0.14188169
0.1428715
0.14386117
0.1448507
0.14584008
0.14682932
0.14781842
0.14880735
0.14979614
0.15078479
0.15177329
0.15276162
0.15374981
0.15473785
0.15572573
0.15671346
0.15770102
0.15868843
0.15967569
0.16066277
0.1616497
0.16263647
0.16362308
0.16460952
0.1655958
0.16658191
0.16756786
0.16855364
0.16953924
0.17052469
0.17150995
0.17249505
0.17347999
0.17446473
0.17544931
0.17643371
0.17741795
0.17840199
0.17938586
0.18036956
0.18135306
0.18233639
0.18331954
0.18430251
0.18528529
0.18626788
0.18725029
0.1882325
0.18921454
0.19019638
0.19117804
0.19215949
0.19314076
0.19412184
0.19510272
0.19608341
0.1970639
0.1980442
0.19902429
0.20000419
0.20098388
0.20196338
0.20294267
0.20392177
0.20490065
0.20587933
0.20685782
0.20783608
0.20881414
0.20979199
0.21076964
0.21174707
0.21272428
0.2137013
0.2146781
0.21565467
0.21663104
0.21760719
0.2185831
0.21955882
0.22053431
0.22150958
0.22248463
0.22345945
0.22443406
0.22540843
0.2263826
0.22735652
0.22833022
0.22930369
0.23027694
0.23124994
0.23222272
0.23319528
0.23416759
0.23513967
0.23611152
0.23708312
0.2380545
0.23902564
0.23999652
0.24096718
0.24193761
0.24290778
0.24387771
0.24484739
0.24581683
0.24678603
0.24775496
0.24872364
0.24969208
0.25066027
0.25162822
0.2525959
0.2535633
0.25453052
0.25549743
0.2564641
0.25743052
0.25839666
0.25936258
0.2603282
0.2612936
0.2622587
0.26322356
0.26418814
0.26515245
0.26611653
0.26708034
0.26804385
0.26900712
0.2699701
0.27093282
0.2718953
0.27285746
0.27381936
0.274781
0.27574235
0.27670342
0.27766424
0.27862477
0.279585
0.28054497
0.28150466
0.28246406
0.2834232
0.28438205
0.2853406
0.28629887
0.28725684
0.28821453
0.28917196
0.29012907
0.2910859
0.29204243
0.2929987
0.29395464
0.2949103
0.29586565
0.29682073
0.2977755
0.29873
0.29968417
0.30063805
0.3015916
0.3025449
0.30349785
0.30445054
0.3054029
0.30635494
0.3073067
0.30825815
0.3092093
0.3101601
0.31111062
0.31206083
0.31301072
0.3139603
0.31490958
0.3158585
0.31680715
0.3177555
0.31870347
0.31965116
0.3205985
0.32154557
0.3224923
0.32343867
0.32438475
0.32533053
0.32627594
0.32722104
0.3281658
0.32911026
0.33005437
0.33099815
0.3319416
0.33288473
0.33382753
0.33476996
0.3357121
0.3366539
0.3375953
0.33853644
0.3394772
0.34041765
0.34135774
0.3422975
0.3432369
0.34417596
0.34511468
0.34605306
0.3469911
0.34792876
0.3488661
0.3498031
0.35073972
0.35167602
0.35261193
0.3535475
0.35448274
0.3554176
0.35635215
0.3572863
0.3582201
0.35915354
0.36008665
0.36101937
0.36195174
0.36288375
0.36381537
0.36474666
0.36567757
0.3666081
0.3675383
0.3684681
0.36939755
0.3703266
0.37125534
0.37218365
0.3731116
0.3740392
0.3749664
0.37589327
0.37681973
0.3777458
0.37867153
0.37959686
0.3805218
0.38144636
0.38237056
0.38329437
0.38421777
0.38514084
0.3860635
0.38698575
0.38790762
0.3888291
0.3897502
0.39067093
0.39159125
0.3925112
0.39343074
0.39434987
0.39526862
0.39618698
0.39710495
0.3980225
0.39893967
0.39985642
0.4007728
0.40168875
0.4026043
0.40351948
0.40443423
0.4053486
0.40626255
0.40717608
0.40808922
0.40900195
0.40991426
0.41082618
0.41173768
0.41264874
0.41355944
0.4144697
0.41537952
0.41628894
0.41719797
0.41810656
0.41901475
0.4199225
0.42082983
0.42173675
0.42264324
0.42354932
0.42445496
0.4253602
0.426265
0.42716938
0.42807332
0.42897683
0.42987993
0.4307826
0.43168482
0.4325866
0.43348798
0.4343889
0.4352894
0.43618947
0.4370891
0.43798828
0.43888703
0.43978533
0.44068322
0.44158062
0.4424776
0.44337416
0.44427028
0.44516593
0.44606113
0.44695592
0.44785023
0.44874412
0.44963753
0.4505305
0.45142302
0.4523151
0.45320672
0.4540979
0.4549886
0.45587885
0.45676866
0.45765802
0.4585469
0.4594353
0.4603233
0.46121082
0.46209785
0.46298444
0.46387056
0.46475622
0.4656414
0.46652615
0.46741042
0.4682942
0.46917754
0.47006038
0.47094277
0.4718247
0.47270614
0.47358713
0.4744676
0.47534764
0.4762272
0.47710624
0.47798485
0.47886297
0.47974062
0.48061776
0.48149446
0.48237064
0.48324636
0.4841216
0.48499635
0.4858706
0.48674437
0.48761767
0.48849046
0.48936278
0.4902346
0.49110594
0.49197677
0.49284714
0.49371698
0.49458635
0.49545524
0.4963236
0.4971915
0.49805886
0.49892575
0.49979213
0.50065804
0.5015234
0.5023883
0.5032527
0.50411654
0.5049799
0.50584275
0.5067051
0.507567
0.50842834
0.50928915
0.5101495
0.51100934
0.51186866
0.51272744
0.5135857
0.51444346
0.51530075
0.5161575
0.5170137
0.5178694
0.5187246
0.5195793
0.5204334
0.521287
0.52214015
0.52299273
0.52384484
0.52469635
0.5255474
0.5263979
0.52724785
0.5280973
0.52894616
0.5297946
0.5306424
0.53148973
0.53233653
0.53318274
0.5340285
0.53487366
0.5357183
0.53656244
0.537406
0.5382491
0.5390916
0.53993356
0.540775
0.54161584
0.5424562
0.543296
0.5441353
0.54497397
0.54581213
0.54664975
0.54748684
0.5483234
0.54915935
0.54999477
0.55082965
0.551664
0.5524978
0.553331
0.5541637
0.55499583
0.5558274
0.5566584
0.55748886
0.55831873
0.5591481
0.5599768
0.5608051
0.5616327
0.5624598
0.56328636
0.5641123
0.5649377
0.5657626
0.56658685
0.5674105
0.56823367
0.5690563
0.5698783
0.5706997
0.57152057
0.57234085
0.5731606
0.57397974
0.5747983
0.5756163
0.5764337
0.57725054
0.5780668
0.5788825
0.5796976
0.58051217
0.58132607
0.5821395
0.58295226
0.58376443
0.5845761
0.5853871
0.58619756
0.5870074
0.5878167
0.5886254
0.5894335
0.590241
0.59104794
0.5918543
0.59266
0.59346515
0.5942697
0.59507364
0.595877
0.5966798
0.59748197
0.5982835
0.5990845
0.59988487
0.60068464
0.6014838
0.6022824
0.6030804
0.6038777
0.6046745
0.60547066
0.6062662
0.60706115
0.6078555
0.60864925
0.60944235
0.6102349
0.61102676
0.6118181
0.6126088
0.61339885
0.6141883
0.6149771
0.6157654
0.61655295
0.61733997
0.61812633
0.6189121
0.6196973
0.6204818
0.62126565
0.622049
0.6228316
0.62361366
0.6243951
0.62517583
0.625956
0.6267355
0.6275144
0.62829274
0.6290704
0.6298474
0.6306238
0.6313996
0.6321747
0.6329492
0.6337231
0.6344963
0.63526887
0.63604087
0.63681215
0.6375829
0.63835293
0.63912237
0.6398911
0.6406593
0.64142674
0.6421936
0.64295983
0.6437254
0.6444903
0.6452546
0.6460182
0.6467812
0.64754355
0.64830524
0.64906627
0.6498267
0.6505864
0.65134555
0.65210396
0.6528618
0.65361893
0.6543754
0.6551312
0.6558864
0.65664095
0.6573948
0.658148
0.65890056
0.6596525
0.66040367
0.66115427
0.66190416
0.6626534
0.66340196
0.66414994
0.66489714
0.66564375
0.6663897
0.66713494
0.6678795
0.66862345
0.6693667
0.67010933
0.67085123
0.6715925
0.67233306
0.67307293
0.6738122
0.6745508
0.6752886
0.6760258
0.67676234
0.6774982
0.6782334
0.6789679
0.6797017
0.6804348
0.6811673
0.6818991
0.6826302
0.6833606
0.6840903
0.68481934
0.6855477
0.6862754
0.6870024
0.6877287
0.68845433
0.68917924
0.6899035
0.69062704
0.69134986
0.69207203
0.6927935
0.6935143
0.6942344
0.6949538
0.69567245
0.69639045
0.6971078
0.69782436
0.6985403
0.6992555
0.69997
0.70068383
0.70139694
0.70210934
0.7028211
0.70353204
0.70424235
0.70495194
0.7056609
0.70636904
0.70707655
0.7077833
0.70848936
0.7091947
0.70989937
0.7106033
0.7113066
0.7120091
0.71271086
0.713412
0.71411234
0.714812
0.71551096
0.7162092
0.7169067
0.7176035
0.71829957
0.718995
0.7196896
0.7203835
0.7210767
0.7217692
0.722461
0.72315204
0.7238423
0.72453195
0.7252208
0.72590894
0.72659636
0.72728306
0.72796905
0.72865427
0.72933877
0.73002255
0.7307056
0.7313879
0.7320695
0.73275036
0.7334305
0.7341099
0.73478854
0.7354665
0.73614365
0.7368201
0.7374958
0.7381708
0.738845
0.7395185
0.7401913
0.74086326
0.7415346
0.7422051
0.74287486
0.7435439
0.74421227
0.7448798
0.74554664
0.7462127
0.746878
0.7475426
0.74820644
0.74886954
0.74953187
0.7501934
0.75085425
0.7515144
0.75217366
0.7528323
0.7534901
0.7541472
0.7548035
0.7554591
0.7561139
0.7567679
0.7574212
0.75807375
0.7587255
0.7593766
0.7600268
0.7606763
0.76132506
0.761973
0.7626203
0.76326674
0.76391244
0.76455736
0.7652015
0.76584494
0.76648754
0.7671294
0.7677705
0.76841086
0.7690504
0.7696892
0.7703272
0.7709645
0.77160096
0.7722367
0.7728716
0.7735058
0.77413917
0.7747718
0.7754037
0.7760347
0.77666503
0.7772945
0.7779233
0.7785512
0.77917844
0.7798048
0.78043044
0.7810553
0.78167933
0.7823026
0.7829251
0.78354686
0.78416777
0.78478795
0.7854073
0.7860259
0.7866437
0.78726065
0.7878769
0.7884923
0.78910697
0.78972083
0.79033387
0.7909462
0.79155767
0.7921683
0.79277825
0.79338735
0.7939956
0.79460317
0.7952099
0.7958158
0.79642093
0.79702526
0.7976288
0.79823154
0.7988335
0.79943466
0.800035
0.80063456
0.8012333
0.80183125
0.80242836
0.8030247
0.8036203
0.804215
0.8048089
0.80540204
0.80599433
0.80658585
0.8071766
0.8077665
0.80835557
0.80894387
0.80953133
0.81011796
0.8107038
0.8112889
0.81187314
0.81245655
0.8130391
0.8136209
0.81420195
0.8147821
0.81536144
0.81593996
0.8165177
0.8170946
0.8176707
0.81824595
0.8188204
0.81939405
0.81996685
0.8205389
0.82111
0.82168037
0.8222499
0.82281864
0.8233865
0.82395357
0.8245198
0.8250852
0.8256498
0.82621354
0.8267765
0.82733864
0.8278999
0.82846034
0.82901996
0.82957876
0.8301367
0.8306939
0.8312502
0.83180565
0.8323603
0.8329141
0.8334671
0.83401924
0.8345705
0.83512104
0.83567065
0.8362195
0.83676744
0.8373146
0.8378609
0.8384063
0.83895093
0.8394947
0.8400377
0.84057975
0.841121
0.84166145
0.84220105
0.8427398
0.84327775
0.84381485
0.84435105
0.8448865
0.845421
0.8459547
0.8464876
0.8470196
0.84755075
0.84808105
0.8486105
0.84913915
0.8496669
0.85019386
0.8507199
0.8512451
0.8517695
0.852293
0.8528157
0.85333747
0.8538584
0.8543785
0.8548978
0.8554162
0.8559337
0.8564504
0.8569662
0.8574812
0.85799533
0.8585085
0.85902095
0.8595325
0.86004317
0.86055297
0.86106193
0.86157
0.86207724
0.86258364
0.86308914
0.86359376
0.86409754
0.8646005
0.8651025
0.8656037
0.866104
0.8666035
0.8671021
0.8675998
0.86809665
0.8685926
0.86908776
0.869582
0.87007535
0.87056786
0.8710595
0.87155026
0.87204015
0.8725292
0.8730173
0.8735046
0.873991
0.87447655
0.8749612
0.87544495
0.87592787
0.8764099
0.8768911
0.8773713
0.8778507
0.8783292
0.8788069
0.8792836
0.8797595
0.88023454
0.88070863
0.8811819
0.88165426
0.88212574
0.8825963
0.883066
0.88353485
0.8840028
0.88446987
0.88493603
0.8854013
0.88586575
0.88632923
0.8867919
0.88725364
0.8877145
0.8881745
0.88863355
0.88909173
0.8895491
0.89000547
0.89046097
0.89091563
0.89136934
0.8918222
0.8922742
0.8927252
0.8931754
0.8936247
0.8940731
0.8945206
0.8949672
0.8954129
0.8958577
0.8963016
0.89674467
0.89718676
0.897628
0.8980683
0.8985077
0.8989463
0.8993839
0.8998206
0.90025645
0.9006914
0.90112543
0.9015585
0.9019908
0.9024221
0.90285254
0.90328205
0.90371066
0.9041384
0.90456516
0.9049911
0.9054161
0.90584016
0.90626335
0.90668565
0.907107
0.90752745
0.907947
0.90836567
0.90878344
0.90920025
0.9096162
0.9100312
0.9104453
0.9108585
0.9112708
0.9116821
0.9120926
0.91250217
0.91291076
0.9133185
0.9137253
0.9141312
0.9145362
0.91494024
0.9153434
0.9157456
0.91614693
0.91654736
0.9169468
0.9173454
0.9177431
0.9181398
0.91853565
0.91893053
0.9193245
0.91971755
0.9201097
0.92050093
0.9208912
0.92128056
0.92166907
0.92205656
0.9224432
0.92282885
0.92321366
0.9235975
0.9239804
0.9243624
0.9247435
0.92512363
0.92550284
0.92588115
0.9262585
0.92663497
0.9270105
0.92738503
0.9277587
0.92813146
0.9285033
0.92887414
0.9292441
0.9296131
0.9299812
0.93034834
0.9307146
0.93107986
0.9314442
0.9318077
0.9321702
0.9325318
0.9328924
0.9332521
0.93361086
0.9339687
0.93432564
0.9346816
0.9350366
0.9353907
0.93574387
0.93609613
0.9364474
0.93679774
0.9371472
0.93749565
0.9378432
0.9381898
0.9385355
0.9388802
0.939224
0.93956685
0.93990874
0.94024974
0.9405898
0.9409289
0.941267
0.9416042
0.9419405
0.9422758
0.9426102
0.94294363
0.9432761
0.9436077
0.9439383
0.9442679
0.94459665
0.9449245
0.9452513
0.94557714
0.9459021
0.9462261
0.9465492
0.9468713
0.94719243
0.9475126
0.94783187
0.94815016
0.94846755
0.94878393
0.9490994
0.94941396
0.94972754
0.9500401
0.9503518
0.9506625
0.95097226
0.9512811
0.951589
0.9518959
0.95220184
0.95250684
0.9528109
0.953114
0.95341617
0.95371735
0.9540176
0.95431685
0.9546152
0.9549126
0.955209
0.9555045
0.955799
0.95609254
0.95638514
0.9566768
0.9569675
0.9572572
0.957546
0.95783377
0.95812064
0.95840657
0.9586915
0.9589755
0.9592585
0.95954055
0.95982164
0.9601018
0.960381
0.9606592
0.9609365
0.96121275
0.9614881
0.9617625
0.9620359
0.96230835
0.96257985
0.9628504
0.9631199
0.96338856
0.9636562
0.96392286
0.9641886
0.96445334
0.9647171
0.96497995
0.9652418
0.9655027
0.9657626
0.96602154
0.96627957
0.9665366
0.96679264
0.9670477
0.96730185
0.967555
0.9678072
0.9680584
0.9683087
0.96855795
0.96880627
0.9690536
0.9693
0.96954536
0.9697898
0.9700333
0.9702758
0.97051734
0.9707579
0.97099745
0.9712361
0.97147375
0.9717104
0.9719461
0.97218084
0.9724146
0.97264737
0.9728792
0.97311
0.97333986
0.9735688
0.97379667
0.97402364
0.9742496
0.9744746
0.9746986
0.97492164
0.97514373
0.97536486
0.975585
0.9758041
0.97602224
0.97623944
0.9764557
0.9766709
0.9768852
0.97709846
0.9773108
0.97752213
0.9777325
0.9779418
0.97815025
0.9783577
0.9785641
0.97876954
0.97897404
0.97917753
0.9793801
0.9795816
0.97978216
0.9799818
0.9801804
0.98037803
0.98057467
0.9807703
0.980965
0.98115873
0.98135144
0.9815432
0.9817339
0.9819237
0.98211247
0.9823003
0.98248714
0.982673
0.9828578
0.98304176
0.98322463
0.98340654
0.9835875
0.98376745
0.9839464
0.98412436
0.9843014
0.9844774
0.9846524
0.98482645
0.98499954
0.98517156
0.9853427
0.9855128
0.9856819
0.98585004
0.98601717
0.98618335
0.9863485
0.98651266
0.98667586
0.9868381
0.98699933
0.98715955
0.9873188
0.98747706
0.98763436
0.98779064
0.9879459
0.98810023
0.9882536
0.9884059
0.9885573
0.9887076
0.988857
0.9890054
0.9891527
0.9892992
0.98944455
0.989589
0.98973244
0.9898749
0.99001634
0.99015677
0.99029624
0.99043477
0.9905723
0.99070877
0.99084425
0.9909788
0.9911123
0.99124485
0.9913764
0.99150693
0.9916365
0.9917651
0.9918927
0.99201924
0.9921448
0.99226946
0.9923931
0.9925157
0.99263734
0.992758
0.9928776
0.9929962
0.9931139
0.9932306
0.9933462
0.9934609
0.99357456
0.9936873
0.993799
0.99390966
0.9940194
0.99412805
0.9942358
0.9943425
0.99444824
0.99455297
0.99465674
0.99475944
0.99486125
0.994962
0.99506176
0.9951605
0.9952583
0.99535507
0.9954508
0.9955456
0.9956394
0.9957322
0.995824
0.99591476
0.9960046
0.9960934
0.9961812
0.99626803
0.99635386
0.9964387
0.9965225
0.99660534
0.9966872
0.996768
0.9968478
0.99692667
0.9970045
0.99708134
0.9971572
0.9972321
0.9973059
0.99737877
0.99745065
0.9975215
0.9975914
0.9976602
0.9977281
0.997795
0.99786085
0.99792576
0.99798965
0.9980525
0.9981144
0.99817526
0.99823517
0.99829406
0.99835193
0.99840885
0.9984647
0.9985196
0.99857354
0.9986264
0.9986783
0.9987292
0.9987791
0.998828
0.9988759
0.9989228
0.9989687
0.99901366
0.99905753
0.99910045
0.99914235
0.99918324
0.9992232
0.9992621
0.9993
0.9993369
0.99937284
0.9994077
0.9994416
0.9994746
0.9995065
0.9995374
0.99956733
0.99959624
0.99962413
0.9996511
0.999677
0.9997019
0.9997258
0.9997487
0.99977064
0.99979156
0.9998115
0.9998304
0.9998483
0.99986523
0.99988115
0.99989605
0.99991
0.99992293
0.9999348
0.99994576
0.99995565
0.9999646
0.99997246
0.99997944
0.99998534
0.9999902
0.99999416
0.9999971
0.999999
0.99999994
0.9999998
0.99999875
0.99999666
0.99999356
0.9999895
0.99998444
0.9999783
0.9999713
0.99996316
0.9999541
0.999944
0.9999329
0.99992085
0.99990773
0.99989367
0.9998786
0.9998625
0.9998454
0.9998273
0.99980825
0.99978817
0.99976707
0.999745
0.9997219
0.9996978
0.9996728
0.99964666
0.9996196
0.99959147
0.99956244
0.99953234
0.9995012
0.99946916
0.9994361
0.999402
0.99936694
0.9993309
0.9992938
0.9992557
0.9992166
0.99917656
0.9991355
0.9990934
0.9990503
0.9990063
0.99896115
0.99891514
0.99886805
0.99881995
0.9987709
0.9987208
0.99866974
0.9986177
0.99856466
0.9985106
0.9984555
0.99839944
0.9983424
0.99828434
0.9982253
0.99816525
0.9981042
0.99804217
0.9979791
0.997915
0.99785
0.99778396
0.9977169
0.9976489
0.9975799
0.99750984
0.9974388
0.9973668
0.9972938
0.99721974
0.9971447
0.9970687
0.9969917
0.9969137
0.99683464
0.99675465
0.99667364
0.9965916
0.99650866
0.9964247
0.9963397
0.99625367
0.9961667
0.9960787
0.99598974
0.9958998
0.99580884
0.99571687
0.9956239
0.99552995
0.995435
0.99533904
0.9952421
0.9951442
0.99504524
0.99494535
0.9948444
0.9947425
0.9946396
0.9945357
0.9944308
0.99432486
0.994218
0.9941101
0.9940012
0.99389136
0.9937805
0.9936686
0.9935558
0.99344194
0.9933271
0.99321127
0.99309444
0.9929766
0.9928578
0.992738
0.9926172
0.9924954
0.99237263
0.99224883
0.9921241
0.9919983
0.9918716
0.9917438
0.9916151
0.99148536
0.99135464
0.9912229
0.99109024
0.99095654
0.99082184
0.9906862
0.9905495
0.9904118
0.9902732
0.9901336
0.9899929
0.9898513
0.9897087
0.98956513
0.98942053
0.9892749
0.98912835
0.9889808
0.9888323
0.98868275
0.98853225
0.98838073
0.9882282
0.9880747
0.9879202
0.9877648
0.9876083
0.9874509
0.98729247
0.987133
0.98697263
0.9868112
0.98664886
0.9864855
0.98632115
0.9861558
0.9859895
0.9858222
0.9856539
0.9854846
0.98531437
0.9851431
0.98497087
0.98479766
0.98462343
0.98444825
0.98427206
0.9840949
0.98391676
0.98373765
0.9835575
0.98337644
0.98319435
0.9830113
0.98282725
0.98264223
0.9824562
0.9822692
0.98208123
0.9818923
0.9817023
0.9815114
0.98131955
0.98112667
0.9809328
0.9807379
0.9805421
0.9803453
0.9801475
0.97994876
0.97974896
0.9795483
0.9793465
0.97914386
0.9789402
0.97873557
0.97852993
0.97832334
0.97811574
0.9779072
0.9776976
0.9774871
0.9772756
0.9770632
0.9768497
0.9766353
0.97641987
0.9762035
0.9759861
0.9757678
0.9755485
0.9753282
0.97510695
0.97488475
0.9746615
0.97443736
0.97421217
0.973986
0.97375894
0.9735309
0.9733018
0.9730718
0.9728408
0.9726088
0.97237587
0.972142
0.9719071
0.9716712
0.97143435
0.9711966
0.9709578
0.970718
0.97047734
0.97023565
0.969993
0.96974933
0.9695047
0.9692592
0.9690126
0.96876514
0.96851665
0.9682672
0.9680168
0.9677654
0.9675131
0.96725976
0.9670055
0.9667502
0.966494
0.9662368
0.9659787
0.9657195
0.96545947
0.9651984
0.9649364
0.9646734
0.9644095
0.9641446
0.9638787
0.96361184
0.96334404
0.9630753
0.96280557
0.9625349
0.9622632
0.9619906
0.96171707
0.96144253
0.961167
0.96089053
0.96061313
0.9603347
0.9600554
0.9597751
0.9594938
0.9592116
0.9589284
0.9586443
0.9583592
0.95807314
0.9577861
0.95749813
0.9572092
0.9569193
0.95662844
0.9563367
0.9560439
0.95575017
0.95545554
0.9551599
0.9548633
0.95456576
0.95426726
0.9539678
0.95366746
0.9533661
0.9530638
0.9527605
0.9524563
0.9521511
0.95184505
0.95153797
0.95122993
0.95092094
0.95061105
0.95030016
0.9499883
0.94967556
0.94936186
0.94904715
0.94873154
0.948415
0.94809747
0.947779
0.9474596
0.9471392
0.9468179
0.94649565
0.9461724
0.9458483
0.94552314
0.9451971
0.9448701
0.9445422
0.94421333
0.9438835
0.94355273
0.94322103
0.9428884
0.9425548
0.9422203
0.94188476
0.94154835
0.941211
0.94087267
0.9405334
0.94019324
0.9398521
0.93951005
0.939167
0.9388231
0.93847823
0.9381324
0.9377856
0.9374379
0.93708926
0.9367397
0.9363892
0.9360377
0.93568534
0.93533206
0.93497777
0.9346226
0.93426645
0.9339094
0.93355143
0.9331925
0.93283266
0.9324718
0.93211013
0.93174744
0.93138385
0.93101937
0.93065387
0.9302875
0.9299202
0.92955196
0.92918277
0.9288127
0.92844164
0.9280697
0.9276968
0.927323
0.92694825
0.92657256
0.926196
0.92581844
0.92544
0.92506063
0.92468035
0.9242991
0.92391694
0.92353386
0.9231499
0.92276496
0.92237914
0.92199236
0.9216047
0.9212161
0.92082655
0.9204361
0.9200447
0.9196524
0.9192592
0.9188651
0.91847
0.9180741
0.91767716
0.91727936
0.91688067
0.916481
0.9160805
0.915679
0.9152766
0.9148733
0.91446906
0.91406393
0.9136579
0.9132509
0.91284305
0.9124343
0.91202456
0.91161394
0.91120243
0.91079
0.91037667
0.9099624
0.90954727
0.90913117
0.90871423
0.9082964
0.9078776
0.907458
0.90703744
0.9066159
0.90619355
0.9057703
0.9053461
0.904921
0.904495
0.90406805
0.9036403
0.90321153
0.90278196
0.90235144
0.90192
0.9014877
0.90105444
0.90062034
0.9001853
0.8997494
0.89931256
0.8988748
0.8984362
0.89799666
0.89755625
0.89711493
0.8966727
0.8962296
0.8957856
0.89534074
0.8948949
0.8944482
0.89400065
0.8935522
0.89310277
0.8926525
0.89220136
0.8917493
0.8912964
0.89084256
0.89038783
0.8899322
0.8894757
0.8890183
0.88856
0.88810086
0.8876408
0.88717985
0.88671803
0.88625526
0.88579166
0.88532716
0.8848618
0.88439554
0.8839284
0.88346034
0.88299143
0.8825217
0.882051
0.8815794
0.881107
0.88063365
0.88015944
0.8796844
0.8792084
0.87873155
0.8782538
0.87777525
0.8772958
0.87681544
0.8763342
0.87585205
0.8753691
0.87488526
0.8744005
0.8739149
0.8734284
0.8729411
0.87245286
0.87196374
0.8714738
0.87098294
0.8704912
0.86999863
0.86950517
0.86901087
0.8685157
0.8680196
0.86752266
0.8670249
0.8665262
0.8660267
0.8655263
0.86502504
0.86452293
0.86401993
0.8635161
0.86301136
0.8625058
0.86199933
0.86149204
0.86098385
0.8604748
0.85996497
0.8594542
0.85894257
0.85843015
0.85791683
0.8574026
0.8568876
0.8563717
0.8558549
0.8553373
0.8548189
0.85429955
0.8537794
0.8532584
0.8527365
0.85221374
0.8516902
0.8511658
0.8506405
0.85011435
0.8495873
0.8490595
0.8485308
0.8480013
0.84747094
0.8469397
0.8464076
0.84587467
0.8453409
0.8448063
0.8442709
0.84373456
0.8431974
0.8426594
0.8421206
0.8415809
0.84104043
0.84049904
0.8399569
0.8394138
0.83887
0.83832526
0.8377797
0.8372333
0.8366861
0.836138
0.8355891
0.8350394
0.8344888
0.8339374
0.83338517
0.8328321
0.83227825
0.8317235
0.83116794
0.8306115
0.8300543
0.82949626
0.82893735
0.82837766
0.8278171
0.8272557
0.82669353
0.8261305
0.82556665
0.82500196
0.8244365
0.8238701
0.823303
0.822735
0.8221662
0.8215966
0.8210262
0.8204549
0.8198828
0.81930995
0.8187362
0.81816167
0.8175863
0.81701016
0.8164332
0.8158554
0.81527674
0.8146973
0.8141171
0.813536
0.8129541
0.81237143
0.8117879
0.8112036
0.81061846
0.81003255
0.8094458
0.8088582
0.80826986
0.80768067
0.8070907
0.8064999
0.8059083
0.8053159
0.8047227
0.8041287
0.8035339
0.8029383
0.8023419
0.80174464
0.8011466
0.8005478
0.79994816
0.79934776
0.7987465
0.79814446
0.7975417
0.79693806
0.7963336
0.7957284
0.7951224
0.7945156
0.793908
0.7932996
0.79269046
0.79208046
0.7914697
0.79085815
0.7902458
0.7896326
0.7890187
0.788404
0.78778845
0.7871722
0.7865551
0.78593725
0.78531855
0.78469914
0.7840789
0.78345793
0.78283614
0.78221357
0.78159016
0.78096604
0.78034115
0.7797154
0.779089
0.7784617
0.77783364
0.7772049
0.77657527
0.7759449
0.77531374
0.7746818
0.77404916
0.7734157
0.77278143
0.7721464
0.77151066
0.7708741
0.77023673
0.76959866
0.76895976
0.76832014
0.76767975
0.7670386
0.76639664
0.7657539
0.7651105
0.7644662
0.76382124
0.7631755
0.76252896
0.76188165
0.7612336
0.7605848
0.7599352
0.7592849
0.7586338
0.75798196
0.75732934
0.75667596
0.75602186
0.755367
0.75471133
0.75405496
0.7533978
0.7527399
0.7520813
0.75142187
0.75076175
0.75010085
0.7494392
0.7487768
0.74811363
0.74744976
0.7467851
0.7461197
0.7454536
0.7447867
0.74411905
0.7434507
0.7427816
0.74211174
0.74144113
0.7407698
0.7400977
0.7394249
0.7387513
0.73807704
0.73740196
0.7367262
0.7360497
0.7353725
0.7346945
0.73401576
0.7333363
0.7326561
0.7319752
0.73129356
0.7306112
0.7299281
0.72924423
0.7285597
0.72787434
0.72718835
0.7265016
0.7258141
0.7251259
0.724437
0.7237473
0.723057
0.72236586
0.721674
0.7209815
0.7202882
0.71959424
0.71889955
0.7182041
0.71750796
0.7168111
0.7161135
0.71541524
0.71471626
0.7140165
0.7133161
0.71261495
0.71191305
0.7112105
0.7105072
0.7098032
0.7090985
0.7083931
0.70768696
0.70698017
0.7062726
0.7055644
0.70485544
0.7041458
0.7034354
0.70272434
0.7020126
0.70130014
0.700587
0.6998731
0.69915855
0.6984433
0.6977273
0.69701064
0.6962933
0.69557524
0.6948565
0.69413704
0.6934169
0.6926961
0.6919746
0.69125235
0.69052947
0.68980587
0.68908155
0.6883566
0.6876309
0.68690455
0.68617755
0.6854498
0.6847214
0.6839923
0.6832625
0.6825321
0.6818009
0.6810691
0.6803366
0.6796034
0.67886955
0.678135
0.67739975
0.6766639
0.6759273
0.67519003
0.6744521
0.6737135
0.6729742
0.6722343
0.67149365
0.67075235
0.6700104
0.6692678
0.66852444
0.6677805
0.6670359
0.6662906
0.66554457
0.66479796
0.66405064
0.66330266
0.662554
0.66180474
0.6610548
0.6603042
0.65955293
0.658801
0.6580484
0.65729517
0.6565412
0.6557867
0.65503144
0.6542756
0.65351903
0.6527619
0.65200406
0.65124553
0.6504864
0.6497266
0.6489662
0.6482051
0.64744335
0.646681
0.64591795
0.6451543
0.64439
0.643625
0.6428594
0.6420931
0.64132625
0.6405587
0.63979053
0.63902175
0.63825226
0.63748217
0.6367115
0.6359401
0.6351681
0.6343955
0.63362217
0.63284826
0.63207376
0.6312986
0.6305228
0.6297464
0.6289693
0.6281916
0.6274133
0.62663436
0.6258548
0.62507457
0.62429374
0.6235123
0.62273026
0.6219476
0.62116426
0.6203803
0.61959577
0.6188106
0.61802477
0.6172384
0.6164513
0.6156637
0.61487544
0.61408657
0.6132971
0.612507
0.6117163
0.61092496
0.610133
0.6093405
0.60854733
0.6077535
0.60695916
0.6061642
0.6053686
0.6045724
0.6037756
0.6029782
0.60218024
0.6013816
0.6005824
0.5997826
0.5989822
0.5981812
0.5973796
0.5965774
0.5957746
0.59497124
0.59416723
0.5933626
0.5925575
0.5917517
0.59094536
0.5901384
0.58933085
0.58852273
0.587714
0.5869047
0.5860948
0.58528435
0.5844733
0.5836616
0.5828494
0.5820366
0.5812232
0.5804092
0.5795947
0.5787795
0.5779638
0.57714754
0.57633066
0.57551324
0.57469517
0.5738766
0.5730574
0.5722377
0.5714174
0.5705965
0.56977504
0.568953
0.56813043
0.56730723
0.5664835
0.5656592
0.56483436
0.56400895
0.56318295
0.5623564
0.5615293
0.5607016
0.55987334
0.55904454
0.5582152
0.55738527
0.5565548
0.5557238
0.5548922
0.55406004
0.55322737
0.5523941
0.55156034
0.550726
0.54989105
0.54905564
0.5482196
0.54738307
0.546546
0.54570836
0.54487014
0.54403144
0.54319215
0.5423523
0.54151195
0.54067105
0.5398296
0.53898764
0.5381451
0.5373021
0.53645843
0.5356143
0.53476965
0.53392446
0.53307873
0.53223246
0.53138566
0.5305383
0.52969044
0.52884203
0.52799314
0.52714366
0.5262937
0.5254432
0.52459216
0.5237406
0.52288854
0.5220359
0.5211828
0.5203292
0.519475
0.5186203
0.5177651
0.51690936
0.51605314
0.5151964
0.51433915
0.5134814
0.5126231
0.5117642
0.5109049
0.5100451
0.5091848
0.5083239
0.50746256
0.5066007
0.5057383
0.5048754
0.50401205
0.5031482
0.5022838
0.5014189
0.5005535
0.4996876
0.49882123
0.4979543
0.49708694
0.49621904
0.49535066
0.4944818
0.4936124
0.49274254
0.4918722
0.49100134
0.49013
0.48925817
0.48838586
0.48751304
0.48663974
0.48576596
0.48489168
0.48401695
0.4831417
0.48226598
0.4813898
0.4805131
0.47963592
0.47875828
0.47788018
0.47700158
0.4761225
0.47524294
0.4743629
0.4734824
0.47260144
0.47171998
0.47083807
0.46995568
0.46907282
0.46818948
0.4673057
0.46642143
0.46553668
0.4646515
0.46376583
0.4628797
0.46199313
0.46110606
0.46021855
0.4593306
0.45844215
0.45755327
0.4566639
0.4557741
0.45488384
0.45399314
0.45310196
0.45221037
0.4513183
0.45042574
0.44953278
0.44863936
0.44774547
0.44685116
0.4459564
0.44506118
0.44416553
0.44326943
0.4423729
0.4414759
0.44057846
0.4396806
0.4387823
0.43788356
0.43698436
0.43608475
0.4351847
0.43428418
0.43338326
0.43248188
0.4315801
0.4306779
0.4297752
0.42887214
0.42796862
0.4270647
0.4261603
0.4252555
0.4243503
0.42344466
0.42253858
0.42163208
0.42072517
0.41981784
0.4189101
0.41800192
0.41709334
0.41618434
0.41527492
0.41436508
0.41345483
0.41254416
0.41163307
0.4107216
0.40980968
0.40889737
0.40798464
0.40707153
0.406158
0.40524405
0.40432972
0.40341496
0.40249982
0.40158427
0.4006683
0.39975193
0.39883518
0.39791805
0.3970005
0.39608252
0.3951642
0.39424545
0.3933263
0.3924068
0.39148685
0.39056656
0.38964584
0.38872474
0.38780326
0.3868814
0.38595915
0.3850365
0.38411346
0.38319007
0.38226628
0.38134208
0.38041753
0.3794926
0.37856728
0.3776416
0.3767155
0.37578908
0.37486222
0.37393504
0.37300745
0.37207952
0.37115118
0.3702225
0.36929345
0.368364
0.3674342
0.36650404
0.36557353
0.36464262
0.36371136
0.36277974
0.36184773
0.3609154
0.35998267
0.35904962
0.35811618
0.35718238
0.35624826
0.35531375
0.35437888
0.35344368
0.3525081
0.3515722
0.35063592
0.34969932
0.34876233
0.34782502
0.34688735
0.34594935
0.345011
0.34407228
0.34313324
0.34219384
0.34125412
0.34031403
0.33937362
0.33843288
0.33749178
0.33655035
0.3356086
0.3346665
0.33372405
0.33278129
0.3318382
0.33089474
0.329951
0.32900688
0.32806247
0.3271177
0.32617262
0.32522723
0.3242815
0.32333544
0.32238907
0.32144237
0.32049534
0.319548
0.31860036
0.31765237
0.31670406
0.31575546
0.31480652
0.3138573
0.31290773
0.31195787
0.31100768
0.31005716
0.30910638
0.30815527
0.30720383
0.30625212
0.3053001
0.30434772
0.3033951
0.30244213
0.3014889
0.30053535
0.2995815
0.29862735
0.2976729
0.29671815
0.2957631
0.29480776
0.29385212
0.2928962
0.29193997
0.29098347
0.29002666
0.28906956
0.2881122
0.2871545
0.28619656
0.2852383
0.28427976
0.28332096
0.28236187
0.2814025
0.28044283
0.27948287
0.27852267
0.27756217
0.2766014
0.27564034
0.274679
0.2737174
0.27275553
0.27179337
0.27083096
0.26986825
0.2689053
0.26794207
0.26697856
0.2660148
0.26505077
0.26408648
0.2631219
0.26215708
0.261192
0.26022667
0.25926104
0.25829518
0.25732905
0.25636268
0.25539604
0.25442913
0.253462
0.2524946
0.25152695
0.25055903
0.24959087
0.24862248
0.24765381
0.24668491
0.24571577
0.24474637
0.24377674
0.24280685
0.24183673
0.24086636
0.23989575
0.2389249
0.23795381
0.2369825
0.23601092
0.23503913
0.2340671
0.23309483
0.23212233
0.2311496
0.23017663
0.22920345
0.22823001
0.22725637
0.22628249
0.22530839
0.22433406
0.22335951
0.22238472
0.22140972
0.2204345
0.21945907
0.2184834
0.21750753
0.21653143
0.21555512
0.21457858
0.21360184
0.2126249
0.21164772
0.21067034
0.20969275
0.20871495
0.20773694
0.20675872
0.2057803
0.20480166
0.20382282
0.20284379
0.20186456
0.2008851
0.19990546
0.19892561
0.19794558
0.19696534
0.1959849
0.19500427
0.19402343
0.19304241
0.1920612
0.19107978
0.1900982
0.1891164
0.18813442
0.18715225
0.18616991
0.18518737
0.18420464
0.18322173
0.18223864
0.18125537
0.18027191
0.17928827
0.17830446
0.17732047
0.1763363
0.17535195
0.17436743
0.17338273
0.17239787
0.17141283
0.1704276
0.16944222
0.16845667
0.16747095
0.16648506
0.165499
0.16451278
0.1635264
0.16253984
0.16155313
0.16056626
0.15957923
0.15859203
0.15760468
0.15661718
0.15562952
0.15464169
0.15365371
0.15266559
0.1516773
0.15068887
0.14970028
0.14871155
0.14772266
0.14673363
0.14574446
0.14475513
0.14376566
0.14277606
0.14178629
0.1407964
0.13980636
0.1388162
0.13782588
0.13683541
0.13584483
0.13485411
0.13386324
0.13287224
0.13188112
0.13088986
0.12989847
0.12890695
0.1279153
0.12692352
0.12593162
0.12493959
0.123947434
0.12295515
0.121962756
0.12097023
0.119977586
0.11898482
0.11799194
0.11699893
0.116005816
0.115012586
0.11401923
0.11302577
0.11203219
0.111038506
0.1100447
0.109050795
0.108056776
0.10706265
0.10606842
0.10507408
0.104079634
0.103085086
0.10209043
0.10109568
0.10010082
0.09910587
0.09811082
0.097115666
0.09612041
0.095125064
0.09412963
0.09313409
0.09213846
0.091142744
0.09014694
0.08915103
0.08815504
0.08715896
0.0861628
0.08516654
0.08417021
0.08317379
0.08217728
0.0811807
0.08018403
0.07918728
0.07819045
0.07719355
0.076196566
0.07519951
0.07420237
0.073205166
0.07220789
0.07121053
0.07021311
0.06921562
0.06821805
0.06722042
0.06622272
0.06522495
0.06422713
0.063229226
0.06223127
0.06123325
0.06023517
0.059237026
0.058238827
0.057240564
0.05624225
0.055243876
0.05424545
0.053246967
0.05224843
0.051249843
0.050251205
0.049252514
0.04825378
0.04725499
0.046256155
0.045257278
0.044258352
0.043259382
0.042260367
0.04126131
0.040262215
0.03926308
0.038263902
0.03726469
0.036265437
0.03526615
0.034266826
0.033267472
0.03226808
0.031268656
0.030269204
0.029269718
0.028270205
0.027270664
0.026271094
0.0252715
0.024271877
0.023272233
0.022272564
0.021272875
0.020273162
0.01927343
0.01827368
0.01727391
0.016274123
0.01527432
0.014274502
0.013274669
0.012274823
0.0112749655
0.010275096
0.009275216
0.008275327
0.0072754296
0.0062755253
0.0052756146
0.004275698
0.003275778
0.0022758543
0.0012759285
0.0002760013
